3010
2877
3001
3623
3673
85861
4477
3245c
15068
3004
3031
44728
87079
3020
6091
3034
62462
3021
4589
4073
24866
6636
63868
59443
99781
2780
32062
4519
32028
3069b
98138
4162
32123
92280
3710
87580
30136
15712
3665
4274
43093
2654
2357
3022
61409
3795
61252
3622
99206
92946
98283
41740
3941
3005
11214
11477
11211
6536
99207
3009
54200
3713
3062b
50950
87087
3068b
2412b
32316
99780
15573
3039
3003
3070b
22885
18654
32064
2420
3700
60478
3666
6541
2431
3002
48336
33291
4070
87994
32054
3023
3024
3460
3660
4032
4085
35480
93273
85984
20482
6558
63864
